281.3628492738677 44.227178835520505 139.86941383444935 174.0371074965452 424.63927034343016 
31.032597126450483 85.63428093068784 362.26567106112344 87.15411785683824 20.70528674634143 
312.2158651216046 166.2122885117322 428.0365996581454 476.99160658302327 386.51391191639783 
560.5536103620645 31.060910195223638 160.05270357521647 47.362627572455 227.4569202390765 
430.582024708251 279.3382750029667 545.2544720048406 464.1597783675707 326.57085394461416 
251.77047930102833 212.9599347348282 206.4065492460518 409.8421189781624 123.83154552173062 
263.1370345526092 501.3356285085273 68.56893379469153 266.1490182589943 359.024357330062 
113.41107891374072 397.1777100314503 499.1723267408309 254.31130560348515 96.99256645243462 
478.7171882482654 358.53436009213567 548.2793520104354 519.1370070007904 461.7953844616624 
558.6918581745122 552.3080730185902 266.2261766088586 503.1780730352983 463.4383760008629 
413.8396253906703 218.0134768050577 397.1427332388803 321.8835819576499 393.8954731157811 
22.684130357296155 62.68157609853744 378.49256289594234 544.2391658320084 456.5220927491126 
609.6474045072376 515.7789633793809 580.2788289491306 101.77784305267856 454.936151205978 
38.24569026470215 495.8031083817533 426.3304422750716 309.79981631190503 356.16690708494286 
215.64444020810424 498.7379200416508 409.38334949075403 277.8051254068897 332.3632585246893 
522.2694268667738 505.5796946584283 168.6570416369698 123.04699840100288 521.5132888716114 
94.29616232950042 186.32197562098153 592.3175027341467 465.1542636184979 98.22636984919649 
149.5866623298735 37.64080166625703 458.51415627331477 176.22120519928868 350.3199355822355 
383.0327884279773 389.44929593102347 380.3527282790276 366.7714708381089 77.2546932156502 
361.19866027693104 431.7646039323381 286.8678443828334 502.5920264869616 395.7765552205036 
236.40301191484994 500.10008040588434 190.31077258330484 441.50330239818504 611.7215967795465 
566.5961444590953 488.88460788161103 68.26803340701689 345.4543358193788 221.97225528587958 
281.0868305065968 384.1170749579528 257.5499908636404 326.5568713668491 96.04078027652461 
56.76176006011247 486.3619550112245 517.5808173717444 112.32256555352892 273.59944893820705 
170.18720927139077 72.92761696944515 98.20970132801743 23.841536679852876 445.24821360620865 
245.0374837749328 485.1695601448203 436.34199438654355 431.21127300171855 473.55905029601735 
320.68127149303325 456.720529279031 25.335431049743878 235.34225536626147 596.4849042120039 
497.3737987721798 76.34537355286633 440.3663492275111 598.3516703534191 243.96858962645803 
259.12229181648627 232.1967273211052 273.4687570641746 352.0106877637718 521.306282017795 
201.56427031922928 161.53277079914758 517.0832112740082 122.9041900824454 371.66102215489155 
