92.9958336046916 167.6598644879379 327.5585549108709 147.0928365908018 343.1647486534005 
328.3386970708066 311.2919763118624 183.73680542730992 274.2919567070642 152.09374501597642 
132.22244183194022 147.54912046396362 78.96326911255719 170.01585273293173 430.0144918104992 
159.0558180555336 312.2067259209124 81.19638998173366 479.0109910074618 104.46284688442019 
74.21700631850518 93.29627418400077 491.4562572856184 52.04597736663901 67.37805352909275 
55.87010973577726 202.24380912815974 134.1474924958616 123.28685935414029 13.398604159576212 
393.39203199273385 84.23257129966854 420.4815863495081 429.98231848739715 141.45055127594435 
243.45871752907337 238.57719259806052 462.6499601407791 196.0408391323305 476.2111708325063 
219.511643944013 285.2342943261415 22.733816844713587 59.057597155962085 231.60578551632 
89.7687667274718 168.46787940711198 232.57499934579155 57.14019210020992 17.35808860325932 
232.7102120505288 230.50211861880848 249.15185684262187 395.4757094316693 352.56469498765307 
225.67042061309348 128.15401922419943 283.6415287936942 235.02949334948713 257.166701990879 
14.482278630949077 454.43279871530945 394.60736409433 328.18057894495917 416.9699554568014 
61.781407970887315 379.471899796709 488.9898898547181 23.65593920244007 373.51065230579866 
394.3928416795278 344.5371207063203 465.22824999724753 70.06470070690683 353.62349180721725 
51.050142568184626 446.906124601349 236.38373874430468 21.95346483657661 491.1600828889345 
469.46413271137556 298.87802519003077 27.1297757154788 441.9698024481692 485.1011234510564 
284.4539286187922 151.84955215490035 175.52584815602384 458.8573923862633 403.54511686649533 
438.52731238509597 56.14711138799243 431.282932275551 84.10199957922464 265.04011564783 
324.06330419485147 303.06016907168777 208.49252594795507 174.65352966077424 379.8163973924826 
187.2840650116726 430.2674415869286 368.33171878069436 508.8780695414946 300.1028450244096 
72.74332644310809 392.6346380797286 110.936411404283 485.4224778879875 236.35617869322115 
181.4054768738968 123.30486410891139 94.3779858265098 366.7390788573557 234.45164611723862 
452.9067138385491 65.2746804508109 160.47665065684467 341.42210674872194 356.2879983412687 
174.70256637106695 310.48984166953045 384.08456064802806 332.11226356293884 55.52690980279828 
218.0038110906644 375.2052156056769 215.58999962098218 202.45817996666105 423.05228001446545 
17.2346645900519 289.296086388316 310.9044537357805 130.47135878730387 189.00261679381947 
349.82832004911506 419.809420550509 333.3359870554054 393.6249127088825 294.7600864001017 
454.1790966808125 160.79212399262155 325.82579540565433 419.3402932371981 388.00040448261944 
202.23785785877544 341.8785163632116 237.39394425091913 373.25469220072455 184.80646434070775 
